795
819
803
831
663
766
833
829
803
803
833
667
687
865
855
857
857
835
829
817
663
721
663
667
809
833
833
825
715
693
693
839
839
839
691
748
766
758
756
691
823
829
807
693
667
687
865
855
857
857
799
823
819
819
803
821
833
663
721
663
667
693
693
663
693
683
663
719
665
689
689
663
689
689
667
687
865
855
857
857
782
667
669
663
689
689
663
689
689
723
663
683
693
667
786
663
721
663
667
663
667
687
865
855
857
857
782
667
663
831
663
825
663
795
663
799
663
803
663
801
663
667
663
786
663
721
663
847
697
687
699
663
687
663
701
865
855
865
855
857
857
857
687
865
855
865
855
857
857
857
703
663
687
663
705
663
663
663
663
663
663
663
663
687
663
663
663
663
663
663
663
663
663
663
707
663
663
663
663
663
663
663
663
663
663
663
687
709
663
663
663
663
663
663
663
663
851
687
865
855
857
857
689
689
782
782
782
786
782
786
782
786
663
663
768
803
831
833
663
819
835
817
833
811
689
817
811
821
803
663
799
823
819
819
803
821
833
831
865
855
857
857
857
799
823
819
825
795
799
833
663
721
663
847
697
687
699
687
701
687
703
687
705
687
707
687
709
851
687
865
855
857
689
663
689
782
817
835
795
833
803
841
833
663
721
663
667
847
867
667
823
797
813
803
799
833
663
839
811
833
809
663
697
663
819
803
819
797
803
829
867
667
663
721
663
847
867
667
795
829
829
795
843
663
839
811
833
809
663
697
663
803
817
803
819
803
821
833
867
667
851
851
667
687
865
855
857
857
827
835
823
833
803
831
663
721
663
667
675
669
701
703
717
663
679
695
841
695
695
699
699
681
663
673
699
699
663
695
841
699
699
663
695
701
703
663
675
669
841
699
699
717
667
687
865
855
857
857
782
667
867
867
867
667
867
797
867
805
867
821
867
829
867
833
793
697
853
665
728
669
671
673
788
675
683
679
681
790
685
689
721
782
786
847
851
849
717
715
677
687
691
693
719
723
725
667
786
865
855
857
857
721
663
667
730
663
815
803
843
663
799
795
821
663
797
803
663
795
821
843
663
831
833
829
811
821
807
667
786
786
865
855
857
689
689
663
663
663
663
663
663
663
663
663
786
786
865
855
857
857
799
823
819
825
795
799
833
663
721
663
847
697
687
699
687
701
687
703
687
705
687
707
687
709
851
687
865
855
857
857
817
835
795
833
803
841
833
663
721
663
667
847
867
667
823
797
813
803
799
833
663
839
811
833
809
663
697
663
819
803
819
797
803
829
867
667
663
721
663
847
867
667
795
829
829
795
843
663
839
811
833
809
663
697
663
803
817
803
819
803
821
833
867
667
851
851
667
687
865
855
857
857
827
835
823
833
803
831
663
721
663
667
675
669
701
703
717
663
679
695
841
695
695
699
699
681
663
673
699
699
663
695
841
699
699
663
695
701
703
663
675
669
841
699
699
717
667
687
865
855
857
857
782
667
867
867
867
667
867
797
867
805
867
821
867
829
867
833
793
697
853
665
728
669
671
673
788
675
683
679
681
790
685
689
721
782
786
847
851
849
717
715
677
687
691
693
719
723
725
667
786
865
855
857
857
721
663
667
730
663
815
803
843
663
799
795
821
663
797
803
663
795
821
843
663
831
833
829
811
821
807
667
865
855
857
851
687
865
855
857
695
691
705
663
687
701
697
703
697
705
713
699
707
705
701
705
711
713
709
713
701
699
701
711
703
707
699
707
703
701
701
711
701
699
709
713
705
695
699
711
711
703
697
713
709
697
707
713
701
713
713
701
709
705
697
695
705
711
699
695
713
709
703
713
703
703
705
713
699
701
691
865
855
857
687
865
855
857
701
691
697
703
697
705
713
699
707
705
701
705
711
713
709
713
701
699
701
711
703
707
699
707
703
701
701
711
701
699
709
713
705
695
699
711
711
703
697
713
709
697
707
713
701
713
713
701
709
705
697
695
705
711
699
695
713
709
703
713
703
703
705
713
699
701
865
855
857
687
865
855
865
855
857
697
695
707
707
865
855
865
855
865
855
857
687
667
829
823
831
803
797
835
801
667
865
855
865
855
851
851
870
