  843
  851
  851
  825
  819
  819
  829
  659
  717
  659
  843
  851
  851
  851
  663
  764
  799
  827
  829
  659
  756
  791
  829
  829
  799
  825
  817
  659
  762
  829
  825
  807
  817
  803
  663
  683
  851
  851
  851
  685
  685
  659
  843
  663
  819
  793
  809
  799
  795
  829
  659
  835
  807
  829
  805
  659
  693
  659
  815
  799
  815
  793
  799
  825
  663
  659
  717
  659
  843
  663
  791
  825
  825
  791
  839
  659
  835
  807
  829
  805
  659
  693
  659
  799
  813
  799
  815
  799
  817
  829
  663
  683
  847
  683
  847
  683
  851
  851
  851
  843
  778
  663
  819
  793
  809
  799
  795
  829
  659
  835
  807
  829
  805
  659
  693
  659
  815
  799
  815
  793
  799
  825
  663
  782
  659
  717
  659
  843
  663
  791
  825
  825
  791
  839
  659
  835
  807
  829
  805
  659
  693
  659
  799
  813
  799
  815
  799
  817
  829
  663
  683
  847
  683
  847
  683
  851
  851
  851
  843
  847
  683
  851
  851
  851
  778
  709
  709
  782
  659
  717
  659
  685
  699
  695
  683
  851
  851
  851
  778
  709
  707
  782
  659
  717
  659
  843
  843
  847
  847
  683
  851
  851
  851
  778
  709
  705
  782
  659
  717
  659
  843
  843
  847
  683
  843
  847
  847
  683
  851
  851
  851
  778
  709
  703
  782
  659
  717
  659
  843
  843
  847
  683
  659
  693
  683
  659
  695
  683
  659
  817
  807
  813
  847
  683
  851
  851
  851
  778
  709
  701
  782
  659
  717
  659
  843
  693
  683
  659
  695
  683
  659
  843
  778
  663
  693
  663
  782
  659
  717
  659
  693
  847
  847
  683
  851
  851
  851
  778
  709
  699
  782
  659
  717
  659
  843
  659
  843
  778
  663
  693
  663
  782
  717
  693
  683
  659
  778
  663
  695
  663
  782
  717
  695
  847
  683
  659
  843
  693
  683
  659
  778
  663
  695
  663
  782
  717
  695
  847
  683
  659
  778
  663
  697
  663
  782
  659
  717
  659
  697
  659
  847
  683
  851
  851
  851
  829
  825
  831
  799
  683
  851
  851
  851
  801
  791
  813
  827
  799
  683
  851
  851
  851
  817
  807
  813
  683
  851
  851
  851
  843
  851
  851
  851
  851
  778
  663
  807
  817
  829
  799
  803
  799
  825
  663
  782
  717
  659
  693
  695
  697
  699
  701
  703
  705
  707
  709
  691
  683
  851
  851
  851
  851
  825
  799
  791
  813
  717
  685
  709
  707
  705
  703
  687
  701
  699
  697
  695
  693
  691
  683
  851
  851
  851
  851
  799
  717
  659
  691
  687
  693
  695
  697
  699
  701
  703
  705
  707
  709
  799
  685
  693
  695
  683
  851
  851
  851
  851
  734
  717
  659
  693
  687
  695
  697
  699
  701
  703
  705
  707
  709
  691
  734
  681
  697
  699
  683
  851
  851
  851
  851
  841
  799
  825
  819
  659
  717
  659
  691
  683
  851
  851
  851
  851
  819
  817
  799
  659
  717
  659
  693
  683
  851
  851
  851
  851
  827
  821
  791
  795
  799
  659
  717
  659
  663
  659
  663
  683
  851
  851
  851
  851
  823
  831
  819
  829
  799
  659
  717
  659
  663
  851
  663
  663
  683
  851
  851
  851
  851
  793
  791
  795
  811
  827
  813
  791
  827
  805
  659
  717
  659
  663
  851
  851
  663
  683
  851
  851
  851
  851
  795
  819
  817
  829
  825
  819
  813
  827
  659
  717
  659
  663
  851
  793
  851
  801
  851
  817
  851
  825
  851
  829
  663
  683
  851
  851
  851
  851
  827
  813
  791
  827
  805
  659
  717
  659
  663
  689
  659
  671
  659
  851
  851
  663
  683
  851
  851
  851
  851
  791
  813
  821
  805
  791
  717
  659
  663
  791
  793
  795
  797
  799
  801
  803
  805
  807
  809
  811
  813
  815
  817
  819
  821
  823
  825
  827
  829
  831
  833
  835
  839
  841
  663
  683
  851
  851
  851
  851
  726
  748
  756
  740
  726
  659
  717
  659
  663
  726
  728
  730
  732
  734
  736
  738
  740
  742
  744
  746
  748
  750
  752
  754
  756
  758
  760
  762
  764
  766
  768
  770
  774
  776
  663
  683
  851
  851
  851
  851
  797
  807
  803
  807
  829
  659
  717
  659
  663
  691
  693
  695
  697
  699
  701
  703
  705
  707
  709
  663
  683
  851
  851
  851
  851
  827
  821
  799
  795
  807
  791
  813
  659
  717
  659
  663
  789
  693
  849
  661
  724
  665
  667
  669
  784
  671
  679
  675
  677
  786
  681
  685
  717
  843
  673
  711
  778
  683
  782
  847
  845
  713
  687
  715
  689
  719
  721
  663
  683
  851
  851
  851
  851
  805
  799
  837
  659
  717
  659
  663
  691
  837
  691
  693
  695
  697
  691
  837
  699
  701
  703
  705
  691
  837
  707
  709
  726
  728
  691
  837
  730
  732
  734
  736
  691
  837
  791
  793
  795
  797
  691
  837
  799
  801
  699
  726
  663
  683
  851
  851
  851
  851
  778
  663
  829
  825
  831
  799
  663
  782
  659
  717
  659
  829
  825
  831
  799
  683
  851
  851
  851
  851
  778
  663
  801
  791
  813
  827
  799
  663
  782
  659
  717
  659
  801
  791
  813
  827
  799
  683
  851
  851
  851
  851
  778
  663
  817
  807
  813
  663
  782
  659
  717
  659
  817
  807
  813
  683
  851
  851
  851
  851
  791
  825
  825
  791
  839
  659
  717
  659
  843
  817
  807
  813
  683
  659
  817
  807
  813
  683
  847
  683
  851
  851
  851
  851
  819
  793
  809
  799
  795
  829
  659
  717
  659
  843
  659
  659
  847
  683
  851
  851
  851
  851
  791
  797
  797
  825
  799
  827
  827
  659
  717
  659
  663
  701
  691
  659
  762
  829
  687
  659
  744
  791
  815
  799
  827
  659
  762
  829
  825
  799
  799
  829
  663
  683
  851
  851
  851
  851
  831
  825
  813
  659
  717
  659
  663
  805
  829
  829
  821
  711
  689
  689
  835
  835
  835
  687
  744
  762
  754
  752
  687
  819
  825
  803
  689
  663
  683
  851
  851
  851
  851
  795
  819
  815
  815
  799
  817
  829
  659
  717
  659
  663
  689
  689
  659
  689
  679
  659
  715
  661
  685
  685
  659
  685
  685
  663
  683
  851
  851
  851
  851
  778
  663
  665
  659
  685
  685
  659
  685
  685
  719
  659
  679
  689
  663
  782
  659
  658
